4.248493768223225
8.873518446486997
11.842750733599061
8.920946433905803
5.036511697257923
4.743839749136275
6.648493768223224
9.107919459501508
5.606119522944047
4.816925032051026
5.219368710510614
5.485778028040064
7.436511697257924
9.059425691278285
8.045520678873896
12.85461329116727
12.071875791311673
11.592177932345809
11.128372436154862
4.859425691278284
36.911996654968206
41.820932431922945
34.810713260049572
37.506816580727545
43.635890812497534
40.555215459735292
36.297321944828761
39.535079295711064
39.052638447102444
38.089165468792262
39.911890747628156
42.236597631089204
43.749706073179816
40.754524193424622
41.427542026399553
43.736657623115072
43.473062705273435
41.119171791545446
41.804978881706837
39.391606964129314
