10.294924251181639
9.641468721458272
7.936392972639911
7.822114967882022
9.164521034488976
7.241468721458274
9.031050102082805
7.318842062012886
10.27954387030603
6.593729093564161
11.472518823541078
7.891358065886157
12.079258509914009
5.441468721458273
11.192508594334244
5.494924251181638
12.194496449413332
4.837789788455735
8.390069474624575
4.87001084575914
43.76938006235526
42.05113525947418
47.77122265848717
46.705624993260145
46.17386582183079
44.103308841591165
47.40766175177831
40.74796343022416
47.40264149125094
46.390345098349286
47.52309107662525
41.96971263485563
47.429020291592145
46.85113525947417
47.45113525947417
43.7786645682688
48.94858915482141
48.37427703122735
47.494222263077376
45.81890148002774
