6.599999999999999
5.019999999999999
3.976921862875997
4.576921862875997
5.299999999999999
6.399999999999999
3.854474078101461
3.976921862875997
5.776921862875998
7.976921862875997
6.599999999999999
6.654474078101458
6.599999999999999
4.278062375563636
8.041476347279499
8.576921862875999
7.254474078101464
6.273992308492076
6.599999999999999
8.576921862875999
22.399999999999999
31.694420360080844
26.193160652071145
17.047210180040424
26.746293013573936
19.670288317164425
18.169371150697934
17.454984238439636
20.976921862876235
21.677552215225466
22.999999999999998
23.166576128191523
23.416581330738357
30.164348682186215
20.870288317164423
20.976921862875997
20.376921862876342
18.922872334906723
25.624132042916422
24.424132042916425
