7.757189242863957
7.702622581706118
7.167039255749408
7.555305505857374
7.969860515396116
6.807920970222913
7.157189242863957
8.411785584111051
8.479700561868743
7.390466299781217
6.536123429244752
9.150984287471765
9.486510592786104
8.794787518166826
6.840418178675353
8.419153373688825
8.763297092858231
7.817327479535992
6.769860515396115
10.042701410615713
24.700738533780505
25.015721345087556
25.015721345087556
33.298367307161925
24.976239332778096
24.976239332778107
26.764027973407584
27.609516389695362
26.562793023531434
25.196152570303475
26.906556791001243
27.609516389695365
24.976239332778123
24.206421869449242
27.786739767933476
24.737841215002593
32.642206431556914
31.375273131152744
27.730248211465085
26.015938259144573
