11.449901812327688
16.416402663826474
10.822114967882022
16.821359688026824
13.259149476482555
13.018830043861206
12.323905792679568
13.079463164800253
14.494924251181643
13.816813873223037
12.020368818898584
15.894009161875093
11.144014826111023
13.962741916436412
12.323905792679573
12.047863975305841
16.279463164800244
14.793402375799587
13.920931886258517
13.233056036533383
47.707120433363144
49.468779836824823
47.845673664299056
46.479925222148851
48.002641491250943
48.887025930548174
44.065115018107433
47.364930687631322
44.036907722481513
48.307120433363144
43.957703857468083
42.944910221818894
45.307120433363155
47.707120433363144
47.707120433363153
43.164930687630005
45.913088691458062
44.874574891177346
43.233691593333753
44.490166961454134
