4.729288988546658
4.248493768223225
6.924499201002404
4.248493768223225
5.124499201002405
4.848493768223225
5.016419950926394
4.416419950926395
8.034097662954185
6.648493768223224
4.831050102082806
5.271377007505271
5.329288988546658
4.734593567729656
4.248493768223225
7.071377007505269
5.382943288049429
4.416419950926395
4.524499201002404
4.848493768223225
20.413993390132237
21.048493768223228
23.664913719149627
21.540919151928808
24.264913719149632
20.653788189549065
23.772992969225637
21.617085946978334
17.545708939473055
21.136290726654895
23.664913719149627
17.664913719149624
20.172992969225636
21.324499201002414
21.264913719149631
21.648493768223236
23.664913719149627
18.864913719149627
21.807130916719795
23.071732092971178
