6.781699985709653
4.834202132185434
2.869201102661112
5.859110051246167
4.755666235087886
5.898646223188171
6.996823847310161
5.100149333409906
7.755666235087886
4.125361353524838
6.661933563992246
8.494938742591942
6.843129321510194
5.069844451846864
9.555666235087887
8.955666235087886
5.860917262522097
6.406354425283277
5.060755493527337
9.917775505427052
32.158107585457353
30.121508190152884
36.236369855961642
27.255745910685283
30.558220849348817
31.711332470175784
34.051363437882175
40.145224002493435
40.301087573557624
35.745061080827305
32.095242845596313
35.562020660371167
31.066998705263668
30.203741528222714
33.763059964744553
34.056273571308534
33.466998705263665
29.752035565699455
32.158107585457343
33.970797222656364
