9.465967098778812
9.465967098778812
9.813335116468089
7.870288317164423
5.972833306433586
9.213335116468087
7.270288317164424
8.865967098778813
7.270288317164422
7.270288317164423
4.362011391783696
7.270288317164424
9.813335116468089
8.265967098778812
9.145950472030723
8.865967098778812
8.545950472030718
9.145950472030724
7.270288317164422
8.865967098778812
25.665967098778811
25.426882834402873
25.749755169309587
25.074093014443292
25.426882834402872
25.665967098778811
30.102588026112544
24.199999999999998
27.936255415943233
28.372833306433588
35.202174550153615
29.465967098778812
28.931934197557624
28.536255415943234
27.647210180040423
32.684883726690412
29.826882834402868
29.531934197557625
21.026882834402873
33.579144377598034
