2.199999999999999
5.664913719149622
5.607861077390789
5.399999999999999
4.199999999999999
5.016419950926394
3.715730111056922
4.271322523458345
3.399999999999999
5.199999999999999
5.199999999999999
5.199999999999999
5.199999999999999
5.237567345452312
4.677552215225463
5.199999999999999
5.199999999999999
4.677552215225463
5.315730111056922
5.199999999999999
23.799999999999992
22.385619803433151
21.799999999999999
17.179890966568547
16.579890966568547
21.199999999999999
17.067120127803157
17.637779243765827
15.977232228088724
15.503230319863196
22.999999999999998
15.979890966568547
17.667120127803159
17.589739151759773
21.199999999999999
15.965510770001696
14.108365724139778
21.749262117266484
15.407861077390793
15.700504646748986
