5.485778028040064
8.810690183733013
5.761902073181373
4.848493768223225
4.885778028040065
6.699572198231692
5.459425691278284
5.771710485538851
5.499572198231693
4.248493768223225
4.248493768223225
8.810690183733012
6.324499201002404
4.899572198231693
4.248493768223225
7.648493768223227
4.899572198231693
5.485778028040064
6.048493768223224
6.048493768223224
27.372992969225646
26.594320733685294
27.096987536446462
26.804430025498295
38.983178519177057
38.767103411457745
26.537163909074355
23.821486737448864
24.355936257275072
27.256551892644715
38.690621008228885
25.672595033131813
27.696987536446468
27.096987536446463
24.696987536446464
24.486085190992718
25.888670140851135
24.696987536446468
25.021486737448876
38.144961979996283
