4.155666235087886
8.117775505427051
8.355666235087885
7.978336001032884
8.815937034508085
7.155666235087886
7.91578770109818
6.499505984224161
7.755666235087886
7.891222144085145
4.363287340804074
7.719667581774888
8.406624299664752
7.755666235087886
5.343839749136275
4.891222144085145
8.355666235087886
5.071671301234988
8.355666235087886
7.564421527150673
27.590728128309316
31.656876969021848
30.858370182758716
29.577575068995838
28.20255461426093
31.542783334751427
31.71133247017578
31.066998705263668
31.711332470175787
30.743670875851162
29.239270539376573
32.94488187157285
30.75015458978063
29.52150819015289
31.711332470175787
29.572901755073193
28.965841955065002
29.222664940351553
28.530315826847907
34.414074573183626
