11.799999999999999
10.599999999999999
10.199999999999999
11.799999999999999
10.599999999999999
10.599999999999999
10.000000000000006
10.000000000000006
11.494589529501715
10.000000000000006
10.599999999999999
10.599999999999999
8.206055797223698
10.000000000000006
8.206055797223698
11.199999999999999
10.599999999999999
8.206055797223698
10.291405501015563
10.019999999999999
29.026759854246436
23.006055797223702
22.406055797223702
30.557337967103198
21.960792755467626
21.473254673911573
30.537848395629997
20.760792755467623
21.318517715667651
29.026759854246432
18.331934197557622
22.518517715667652
29.026759854246436
22.020704057022733
30.646107826568317
23.154736958243921
26.537989994781324
21.865967098778812
21.206055797223701
28.626523727059336
