6.648493768223226
7.155648662824822
5.409488164785813
3.933977943111854
7.416419950926395
4.788465516676633
4.809488164785813
8.869930643433596
8.700149333409904
6.543839749136276
5.036511697257923
8.700149333409906
8.636511697257923
9.648493768223226
5.869930643433596
4.743839749136275
4.926476329196681
5.343839749136275
4.517775505427052
5.712612355992595
29.967893804575436
29.685005465481153
29.664913719149624
27.108115187619077
27.002780970908223
29.382689224576676
30.758545493520132
35.073884024249994
29.685005465481144
29.664913719149622
31.408753468285898
29.171356059841142
31.582630492865532
31.301113590519826
29.664913719149627
30.154936108914743
29.064913719149623
29.842826619811579
29.301425416407543
31.370707153611374
