5.865835112080329
5.292626689140452
5.265835112080334
5.865835112080334
6.179218208120631
5.955648662824822
5.491222144085144
4.964661136193389
6.179218208120631
6.164661136193388
4.692626689140453
4.871149091617767
5.865835112080334
5.579218208120631
5.016419950926394
5.564661136193388
5.453479109976708
4.253479109976709
4.964661136193389
5.292626689140452
26.232270296606018
24.142993988878853
28.775067406458774
28.027999054643092
26.832270296606026
35.861835910174095
26.924080739802086
33.314613044017754
24.923919462182493
26.829195275680355
27.709046640066852
32.204935975652516
32.196554063891284
25.119314222057042
28.746105799117167
28.746105799117167
35.771584088464725
25.837327943202313
28.636466438276734
27.400533618841365
