4.860805622784301
5.563287340804074
6.789939031790855
4.371109985749379
5.794188122873377
5.124499201002404
5.194188122873378
6.163287340804073
3.664476440037799
4.524499201002404
3.540209203680073
5.194188122873377
8.647595870223547
4.894924251181639
3.101421063878401
3.476494061107692
4.141582999069388
5.564661136193388
6.094924251181638
8.554046276333154
28.947700265812777
27.212285742808888
27.577496890800423
30.225730159822994
28.969105580031346
30.048998402004813
29.406473865682266
24.812285742808895
24.881974664679864
27.270440181356496
30.118687323875795
29.887786541806484
30.487786541806486
37.218607568935833
30.361610757997404
30.487786541806486
29.887786541806484
29.887786541806484
29.887786541806484
34.849401887041815
