11.379890966568547
11.379890966568547
11.379890966568547
12.056219373419356
14.979890966568547
12.179890966568546
11.379890966568547
13.256219373419345
11.379890966568547
12.979890966568547
11.379890966568547
11.256219373419345
13.656219373419347
13.779890966568548
11.379890966568547
13.579890966568547
12.979890966568547
13.579890966568547
12.379890966568547
12.379890966568547
45.548342578863994
41.379890966568555
40.179890966568552
43.865081597550045
43.283414114284684
47.939672899705652
41.485190630981545
41.968451612295443
47.788560645726893
46.871974760011583
49.758595054686534
48.979890966568549
41.368451612295447
42.568451612295447
43.768451612295447
41.643196047421784
48.418922154980887
46.863305080853234
43.768451612295447
46.228931845560535
