8.265967098778814
8.265967098778814
8.265967098778814
8.865970987788153
14.96201139178369
8.865967098778812
9.465967098778812
9.465967098778812
9.465967098778812
5.562011391783697
9.465967098778812
11.67264867549954
14.36201139178369
8.865967098778812
9.465967098778812
9.083938970140622
14.36201139178369
8.865967098778812
9.465967098778812
8.865967098778812
21.976414452272655
32.323222338770115
17.710611010782248
30.333002097912818
27.179500945186932
35.924465585921414
29.516540762049402
21.976414452272653
27.716540762049394
32.923222338770124
29.875735168413822
23.946807886497474
38.896713955416913
23.599999999999998
42.085423660775824
21.358098181138555
28.566798350418375
20.900831251639567
21.265967098778816
29.240526615780784
