8.483938970140624
7.072648675499544
7.883938970140623
8.967058693337007
7.883938970140623
4.059534175469038
3.474159210997933
4.697310143236786
9.576414452272653
8.367058693337007
9.614190420040453
3.074159210997934
6.561491185366087
9.750200890725004
7.426672040641624
7.426672040641624
4.072648675499543
4.672648675499543
7.883938970140623
9.614190420040453
19.242019826197474
22.272648675499544
19.190604872313052
21.399999999999999
25.897310143236787
23.599999999999998
21.199999999999999
20.214190420040443
22.999999999999998
27.293353334576345
20.283938970140621
23.349461264041256
21.399999999999999
24.167058693337015
26.868739526629533
23.472648675499538
21.414190420040399
29.562034255705834
17.483119723196385
18.840862460682025
