6.107901007380706
6.107901007380706
4.524499201002404
5.432330002753812
5.265835112080338
6.245068256832747
4.524499201002404
5.848310109939328
6.312612355992595
6.924499201002403
5.124499201002405
4.937632653058488
4.899572198231693
5.724499201002404
4.846619070917447
4.665835112080334
4.915199725364062
5.205818257220736
5.724499201002405
5.724499201002404
26.277389136667024
27.376239332778105
25.986152910960084
26.374823944591345
27.587586384498686
26.207876703419394
23.491222144085154
26.193791339890872
27.376239332778102
27.700738533780514
26.884140340158808
26.214358689136563
28.197629544685554
27.376239332778102
27.182057589998842
23.832400208383124
26.815721345087553
28.015721345087556
22.512472283672544
26.562793023531434
