7.817099563648487
8.465835112080329
7.849846813726012
8.616419950926394
4.271113110653694
7.265835112080332
7.265835112080334
10.446577779305263
11.822131500691075
4.393701545482135
6.216419950926394
7.880361944379586
4.935539629393373
7.438577161171171
5.564661136193388
5.660593294783086
7.379218208120631
7.162370422957114
5.035206262778264
5.196310917494944
26.509046640066856
28.146105799117166
27.853747894128716
28.783848833225598
27.826956317068586
27.145054988517714
28.963517518527416
26.866870366219636
26.837567790273212
25.837327943202315
28.655402013948985
26.505400304268477
25.837327943202313
29.220826158445597
41.271443160562234
35.189408584446423
29.161121204988255
28.400268784151997
28.146105799117166
26.123895422158533
