6.836511697257922
9.816419950926395
6.476563785682558
5.140176942900023
7.406626618611394
7.129459649014522
6.063183737899546
9.089068626425934
9.648493768223226
3.049184065870286
8.636511697257923
5.198310016202171
3.643091991568019
8.509160372757464
4.944447546068677
4.650702117298323
6.471585239873018
4.863183737899547
3.764879968949286
6.902890781469335
29.570707153611376
31.419200921834605
28.579284765211167
34.715615836447945
26.515908362887497
30.875056818651434
30.022721378779154
29.664913719149623
31.672711614341797
31.101425416407544
29.664913719149625
29.493257009330147
29.722862291617922
31.419200921834598
26.882686255076713
30.819200921834595
29.664913719149623
32.143803199509652
30.898767554283612
29.301425416407543
