11.672648675499541
11.072648675499541
8.026672040641625
12.272648675499543
8.133596910208674
7.426672040641624
12.272648675499543
11.072648675499543
10.176414452272654
10.474159210997935
9.683339321839703
10.474159210997936
5.579573545066587
9.226672040641628
8.483938970140624
9.981084080564976
5.581084080564978
5.579573545066587
8.133596910208674
9.576414452272655
35.089787874597774
31.569652028741926
35.999999999999997
32.815628663599824
43.763947085595673
31.849063127772197
32.737804839628267
31.299567633740452
36.472648675499546
36.161390387355632
34.615628663599836
34.142979988100283
32.323222338770123
32.502335558203384
35.815628663599835
36.346807886497483
38.853590998882538
34.546807886497488
31.075735168413832
39.769652028741916
