10.923891239892339
10.585619803433149
6.579890966568547
10.073928312302103
5.379890966568547
12.554736958243922
10.599999999999999
12.399999999999999
8.470288317164421
7.569371150697933
9.145950472030725
12.747840532389887
10.599999999999999
10.299999999999999
10.585619803433149
9.670288317164424
7.270288317164426
5.979890966568547
10.372138293453843
10.019999999999999
22.669346350566197
32.100332143448824
25.399999999999998
28.401947138284346
30.217891250982454
20.531658821119926
18.991375796623216
21.925408697844395
30.012190675516673
32.231449607381723
20.985591542034342
26.154962692732282
38.361766842434996
28.979890966568549
21.874636777937155
31.079553019914044
24.003903814162904
21.363406637402267
26.645858065347362
35.959878934709163
