5.271377007505274
5.606119522944047
7.524499201002404
5.194188122873377
5.388465516676632
4.671377007505271
5.494924251181638
5.124499201002405
5.069477423844845
4.524499201002404
4.524499201002404
6.845068256832747
5.124499201002405
5.499572198231693
5.194188122873378
6.588465516676631
4.894924251181639
4.963287340804074
4.899572198231693
4.632519543171407
29.243186524878198
29.287786541806483
29.406473865682266
29.681974664679856
24.840002292215793
27.195876208507684
30.420025496156768
29.600398897799074
27.212285742808888
28.128671176249313
32.520738740103664
34.401328937589834
27.881974664679865
25.996183854325103
27.265565130378654
29.378529848057693
25.687786541806484
28.639698926366478
29.759163549311755
30.475899696796667
