13.248910386828243
12.856935642965336
12.376290158835745
12.160891349960448
11.514460867002036
12.376290158835745
13.075165808864853
12.765539297010504
12.990466299781218
12.751745126818875
15.522652979221156
15.165539297010508
16.787104636005663
12.151745126818874
15.567572926681185
11.875165808864852
11.827869171960183
12.751745126818877
12.151745126818874
12.760891349960454
27.631437056272673
23.821486737448862
33.073401988719105
26.821486737448875
27.096987536446466
27.181715398466732
27.372992969225646
25.555936257275075
27.372992969225646
38.993448448056344
26.354708367692357
27.491844351782206
27.096987536446466
24.679930824495894
26.563981974941573
27.096987536446463
40.477651692238176
27.096987536446466
24.696987536446467
27.096987536446466
