7.231050102082804
5.448493768223225
4.548929222730735
6.324499201002404
4.848493768223225
4.248493768223225
4.248493768223225
3.242206440253602
4.848493768223225
5.016419950926394
4.181042371553888
4.522232123452333
4.488614631879759
4.848493768223225
4.524499201002404
4.782943288049429
4.416419950926395
4.782943288049429
5.271377007505273
6.722571314829043
23.429536139777124
19.140919151928802
21.540919151928808
19.140919151928806
21.328401330003445
20.989412920152032
23.772992969225637
21.294014447097136
31.395189407051685
19.464913719149628
33.867384088005046
21.194202707696285
21.687796958431672
21.488152043897575
23.664913719149637
21.264913719149625
23.737108400102993
23.664913719149635
31.324478395598344
20.664913719149627
