12.707320993229072
14.098547831953296
9.356765898666858
12.725774842554486
13.202955568155042
14.534052931344313
7.143839749136274
11.916356822149613
13.836922906654492
12.671875791311672
14.012926149530578
11.377953417237755
15.964186017968283
12.604160003311112
13.401523149600955
12.439605205228514
14.159937239037998
17.132074366777833
12.503698777582354
14.698547831953297
41.767886107826742
41.969830989038634
49.871051130213822
40.771381775535822
38.322888007312593
49.749772273352983
35.971381775535835
38.549947304467186
37.239143603139293
46.235293621581323
41.300565420915384
39.356881256792846
38.908077803271173
40.093469930270554
50.557825335358054
39.015715540447944
40.876035794622772
45.940752926233756
40.058969994939034
40.815715540447925
