4.818682448118118
5.248040032051961
5.579218208120631
9.737632653058485
11.78602599936337
4.671377007505271
7.218682448118119
4.586025999363372
6.179218208120631
4.963287340804074
7.671377007505272
7.671377007505272
7.379218208120632
5.544257519430763
8.697128940452089
7.525692127661919
5.084609322171952
5.544257519430763
4.944257519430764
8.329678697350724
28.597353372219413
30.418481486180124
32.468936943324345
27.668936943324345
30.436280494569605
29.055194145376046
27.861111504718565
30.505649602520283
30.286766192464153
28.858753672488362
26.820690347672723
32.254962942687727
31.249907121951033
29.606569596382826
32.422586099236584
30.505649602520288
32.624800562390845
32.542161299778192
30.891675601883648
30.066349846573721
