4.599999999999999
6.369695118436954
4.599999999999999
4.599999999999999
5.199999999999999
5.299999999999999
4.599999999999999
5.199999999999999
4.599999999999999
4.899999999999999
8.677552215225463
4.599999999999999
3.842976424739259
4.298336436669568
9.752611935187586
5.199999999999999
6.312675106537235
4.019999999999999
4.019999999999999
6.969695118436957
23.942223419796804
21.297936946392596
28.038001943207845
24.841316424769856
22.342979988100282
27.898336436669566
28.769695118436955
23.599999999999998
23.599999999999998
23.599999999999998
20.542979988100283
24.199999999999998
21.407697061644746
24.199999999999998
22.999999999999998
24.199999999999998
24.464717073544464
22.342979988100282
22.342979988100282
25.064717073544461
