7.071377007505271
9.602776990295883
10.04804003205196
13.19624374114979
8.636511697257923
7.502478796036733
9.137632653058487
5.886967154402146
6.077431500378935
6.179218208120631
5.786025999363371
9.179218208120636
9.602776990295887
4.586025999363372
9.744257519430764
5.186025999363371
7.586025999363371
11.498576707380288
7.6174111827498985
11.533960173996103
31.008088173832025
30.505649602520265
33.001175897674635
27.908185577218447
49.849224133627763
32.468936943324342
27.742161299778196
37.223673901568261
30.505649602520272
32.004507485543534
30.505649602520272
32.249489351656543
30.126470246437342
33.068936943324346
40.422091617561256
30.781969788922234
29.890083943020308
30.505649602520272
28.342161299778198
30.505649602520265
